177 42 69 72
171 41 72 73
165 43 73 70
159 41 72 72
149 43 72 71
135 48 67 64
114 42 73 71
114 45 69 70
109 46 77 71
109 49 75 69
110 48 73 67
105 45 75 72
97 48 73 69
86 47 70 72
68 49 72 72
58 53 73 69
52 55 74 68
51 54 78 69
60 52 74 70
63 46 75 72
71 47 73 66
77 47 73 69
82 43 75 76
95 45 72 72
110 44 68 69
116 45 74 70
124 41 74 71
135 39 70 72
137 40 74 73
140 42 79 71
150 40 73 77
157 43 75 73
168 45 70 72
175 45 76 69
187 41 75 72
201 38 74 75
215 41 72 69
224 38 76 74
241 38 77 74
255 40 71 68
266 40 72 70
274 39 79 73
291 37 74 76
303 37 72 78
322 37 69 79
329 44 73 72
338 41 72 75
339 45 72 76
338 45 73 75
340 44 73 76
339 42 72 76
329 40 77 73
320 39 74 72
303 38 68 72
284 38 78 69
272 33 79 74
261 34 77 72
255 34 65 72
230 34 72 71
214 34 70 70
198 39 69 70
191 42 72 67
195 40 72 71
197 38 74 69
205 39 67 69
204 35 74 71
204 36 74 71
205 38 75 70
203 44 73 68
204 58 72 62
199 67 73 62
195 75 70 66
191 81 70 68
185 93 74 66
180 101 73 68
174 113 74 67
164 128 80 68
164 135 73 69
164 148 71 65
157 155 74 68
157 156 72 71
155 158 78 76
155 155 77 77
159 162 69 75
156 163 71 71
158 163 72 66
157 160 73 71
160 153 72 71
165 149 71 61
163 136 76 68
174 119 69 74
175 113 76 64
184 103 68 62
184 91 73 66
190 75 70 68
196 69 68 66
202 57 67 63
206 45 72 65
207 41 70 63
208 42 70 69
207 42 68 73
204 44 73 70
204 37 75 75
203 38 67 71
196 34 67 73
189 32 64 75
174 35 72 71
169 36 64 67
150 42 73 63
146 40 61 65
134 46 59 64
120 44 69 62
116 45 63 61
101 39 68 63
86 41 64 61
67 41 60 66
58 50 66 63
57 47 70 60
59 43 65 68
62 40 67 65
81 38 74 65
109 37 70 68
127 38 69 67
158 42 60 63
186 45 61 68
217 46 60 70
237 46 66 72
263 44 68 74
290 52 59 68
308 53 64 70
327 60 68 64
338 57 70 66
351 53 66 68
353 54 78 74
351 59 83 68
357 60 77 72
354 66 76 71
350 65 79 80
344 79 86 72
342 95 78 79
334 129 81 67
333 153 77 59
329 163 78 76
326 169 80 75
324 172 79 77
322 179 80 78
319 176 75 80
316 182 72 69
301 172 74 70
273 171 68 63
233 162 62 65
208 157 70 71
197 157 55 67
176 159 58 64
158 161 61 62
145 165 54 62
121 163 62 60
113 160 63 66
111 159 71 68
120 154 61 75
120 155 70 70
125 139 64 69
127 139 68 63
132 125 65 64
139 110 66 57
140 96 68 61
144 85 73 63
147 78 74 68
150 79 69 64
148 73 73 67
153 78 74 63
170 78 58 67
182 81 65 74
200 88 67 70
210 87 66 69
220 83 65 72
233 88 67 72
238 90 72 72
241 93 68 67
237 91 74 70
241 95 68 71
