174.80025939941407 46.15040766398112 78.68920237223307 75.54163564046225
172.18482971191406 45.13970235188802 78.4911631266276 75.35151774088541
166.02859293619792 43.92906748453776 78.4911631266276 75.35151774088541
158.67713317871093 43.29214324951172 78.69532318115235 75.54751180013021
146.9656524658203 43.764303080240886 78.69532318115235 75.54751180013021
130.30298767089843 43.512465413411455 78.69532318115235 75.54751180013021
117.1190668741862 44.19909133911133 78.59728393554687 75.45339406331381
113.064279683431 46.410455067952476 78.79532318115234 75.64351145426433
112.44500681559245 47.76291275024414 78.89532318115235 75.73951161702475
112.34176279703776 47.937008158365884 79.09732309977214 75.93343098958333
111.37530364990235 47.31495615641276 79.09732309977214 75.93343098958333
107.43609059651693 47.149786376953124 78.99732309977213 75.83743082682291
98.0916264851888 47.16608225504557 78.99732309977213 75.83743082682291
84.07483215332032 47.684382629394534 78.89532318115235 75.73951110839843
69.2888905843099 50.08338190714518 78.79532318115234 75.64351145426433
57.851690928141274 52.70072250366211 78.79532318115234 75.64351145426433
53.7787966410319 53.71048100789388 78.79532318115234 75.64351145426433
55.56595128377278 53.14727198282878 78.79532318115234 75.64351145426433
60.80045928955078 50.841671498616535 78.79532318115234 75.64351145426433
66.60235595703125 48.50842564900716 79.00773111979167 75.84742279052735
72.56176045735677 46.844261932373044 79.10773111979167 75.94342295328777
79.1206044514974 46.31398468017578 79.20973052978516 76.04134216308594
86.1897969563802 46.31920318603515 79.20973052978516 76.04134216308594
96.58240102132162 45.22725270589193 79.20973052978516 76.04134216308594
107.49852752685547 44.349813588460286 79.10773061116537 75.94342193603515
117.80731404622396 44.10463180541992 79.20973002115885 76.04134165445963
126.50554046630859 43.35160675048828 79.10772959391277 75.94342142740885
134.61360575358074 42.52086359659831 79.00773010253906 75.84742177327475
140.39356079101563 42.59131393432617 79.21597239176432 76.04733530680339
145.885205078125 43.871639506022134 79.22421620686849 76.0552490234375
151.6937235514323 44.68742218017578 79.22421620686849 76.0552490234375
158.696088663737 45.8558349609375 79.22421620686849 76.0552490234375
168.58640848795574 46.42577565511068 79.22421620686849 76.0552490234375
179.92972106933593 45.90141220092774 79.12617696126303 75.9611312866211
191.50355326334636 44.256926727294925 79.12617696126303 75.9611312866211
203.9489298502604 42.859588877360025 79.12617696126303 75.9611312866211
216.61793518066406 41.71570866902669 79.12617696126303 75.9611312866211
229.5664093017578 41.67715174357097 79.12617696126303 75.9611312866211
243.30438537597655 41.57332534790039 79.01793365478515 75.85721791585287
256.1159922281901 40.729523468017575 79.01793365478515 75.85721791585287
267.3474426269531 39.81675643920899 79.01793365478515 75.85721791585287
279.0390258789063 40.38574752807617 79.01793365478515 75.85721791585287
292.6955139160156 41.92458902994792 79.11597290039063 75.95133565266927
306.5226216634115 42.5655019124349 79.11597290039063 75.95133565266927
318.92262369791666 42.713016255696616 79.11597290039063 75.95133565266927
330.0510559082031 42.779850514729816 79.21597239176432 76.04733530680339
337.2513041178385 44.250641123453775 79.31797231038412 76.14525502522787
338.18004353841144 46.030355834960936 79.73417205810547 76.54480794270833
338.8114481608073 46.77381439208985 79.94441528320313 76.74664103190104
339.21632486979166 46.112178802490234 80.1588628133138 76.95251108805338
337.75291137695314 44.129258728027345 80.0568623860677 76.8545908610026
329.99189453125 41.25023244222005 80.0568623860677 76.8545908610026
316.52190551757815 38.99347508748372 79.7447016398112 76.55491587320964
300.0625508626302 37.19926783243815 79.43866221110027 76.26111806233725
285.52520345052085 34.84561716715495 79.33462270100911 76.16123962402344
275.0810180664063 34.817247772216795 79.12834065755209 75.9632085164388
264.22014668782555 34.916674041748045 79.01793263753255 75.85721689860026
249.47938232421876 34.46142705281576 78.91593271891276 75.75929718017578
230.52466227213543 34.44021962483724 78.8076899210612 75.65538330078125
212.91719462076824 35.93525009155273 78.40765126546223 75.27134653727214
199.04195556640624 38.74246470133463 78.50765126546224 75.36734619140626
193.66331176757814 41.012026977539065 78.60965118408203 75.46526590983073
195.8791727701823 41.157126871744794 78.80572865804037 75.65350138346354
199.15669962565104 39.540906778971355 78.80572865804037 75.65350138346354
202.4007354736328 38.28398132324219 78.80572865804037 75.65350138346354
205.02294209798177 37.60666198730469 78.80572865804037 75.65350138346354
206.4944305419922 37.27859344482422 78.80572865804037 75.65350138346354
206.59666341145834 38.794263712565105 78.80572865804037 75.65350138346354
204.2878163655599 44.741817220052084 78.80572865804037 75.65350138346354
203.06051432291667 53.68606872558594 78.80572865804037 75.65350138346354
200.60735982259115 63.48354670206706 78.80572865804037 75.65350138346354
194.93997395833333 74.0754150390625 78.80572865804037 75.65350138346354
189.79004414876303 83.15152587890626 78.80572865804037 75.65350138346354
185.96400655110676 92.94397888183593 78.80572865804037 75.65350138346354
181.2295389811198 103.59876912434896 78.80572865804037 75.65350138346354
175.13080037434895 115.69006652832032 78.80572865804037 75.65350138346354
169.16533711751302 128.5661600748698 78.80572865804037 75.65350138346354
164.93727315266926 139.5068166097005 78.80572865804037 75.65350138346354
162.7754913330078 148.3165283203125 78.80572865804037 75.65350138346354
160.30747884114584 155.43979085286458 78.90772857666016 75.75142110188803
158.03164876302083 160.19196065266928 79.00772857666016 75.84742075602213
156.9236297607422 162.8097717285156 79.1117680867513 75.94729919433594
156.27473042805988 164.78796895345053 79.1117680867513 75.94729919433594
155.90183817545574 165.05330301920574 79.22217610677083 76.05329081217448
155.81781311035155 164.7525421142578 79.22217610677083 76.05329081217448
155.6707499186198 163.4332265218099 79.22217610677083 76.05329081217448
156.9850077311198 159.426318359375 79.33479207356771 76.16140187581381
159.2032470703125 153.9593251546224 79.33479207356771 76.16140187581381
162.41469014485676 146.25747985839843 79.33479207356771 76.16140187581381
167.23194986979166 135.48741760253907 79.11813659667969 75.95341237386067
171.52194315592448 123.2766347249349 79.00772857666016 75.84742075602213
176.58126831054688 111.02389933268229 79.00772857666016 75.84742075602213
181.2361073811849 99.97488301595052 79.00772857666016 75.84742075602213
185.06086018880208 89.58533630371093 79.00772857666016 75.84742075602213
189.8359598795573 78.0499501546224 79.00772857666016 75.84742075602213
195.1725626627604 66.1085080464681 79.00772857666016 75.84742075602213
200.2700439453125 54.1628672281901 78.90772857666016 75.75142110188803
204.77884419759116 42.58204650878906 78.90772857666016 75.75142110188803
207.53807983398437 38.8474848429362 78.90772857666016 75.75142110188803
206.7089416503906 41.47161763509114 78.90772857666016 75.75142110188803
206.1238006591797 42.859703063964844 78.90772857666016 75.75142110188803
206.0862263997396 43.1397211710612 78.90772857666016 75.75142110188803
205.08443298339844 42.56604970296224 78.90772857666016 75.75142110188803
200.81872049967447 40.49828999837239 78.90772857666016 75.75142110188803
193.57846069335938 38.541699727376304 78.90772857666016 75.75142110188803
183.92186381022137 37.333899943033856 78.90772857666016 75.75142110188803
174.3127187093099 37.20455576578776 78.90772857666016 75.75142110188803
163.47321675618488 38.196832275390626 78.80572865804037 75.65350138346354
151.9779846191406 39.44467468261719 78.80572865804037 75.65350138346354
139.49925231933594 40.510135396321616 78.80572865804037 75.65350138346354
126.15799407958984 41.96609395345052 78.60572865804036 75.46150207519531
117.47396189371744 42.7629892985026 78.60572865804036 75.46150207519531
109.4191390991211 42.22097981770833 78.60572865804036 75.46150207519531
96.72834777832031 39.09939041137695 78.5076899210612 75.36738433837891
79.76081237792968 37.905146789550784 78.19544677734375 75.06763102213542
62.661574045817055 40.59014104207357 78.08932596842448 74.96575469970703
52.677450052897136 45.961500295003255 78.08932596842448 74.96575469970703
52.47944081624349 47.36969579060872 78.08932596842448 74.96575469970703
54.407710774739584 46.12993825276693 78.19544677734375 75.06763102213542
61.46643880208333 42.94437815348307 78.19544677734375 75.06763102213542
80.23976186116536 41.31769561767578 78.19544677734375 75.06763102213542
104.57791392008464 39.87710444132487 78.08932596842448 74.96575469970703
128.64457194010416 40.199765014648435 77.9832051595052 74.86387837727865
153.4379638671875 42.350762939453126 77.9832051595052 74.86387837727865
182.1335642496745 46.22130635579427 77.9832051595052 74.86387837727865
207.79086507161458 47.06868082682292 77.9832051595052 74.86387837727865
232.4010457356771 47.23196665445963 77.9832051595052 74.86387837727865
257.4847391764323 48.221825154622394 77.9832051595052 74.86387837727865
282.79991861979164 50.010328165690105 77.9832051595052 74.86387837727865
304.42271525065104 52.3150281270345 77.88516642252604 74.76976064046224
323.54087727864584 54.263004811604816 77.88516642252604 74.76976064046224
337.2870788574219 54.21924667358398 78.30369008382162 75.17154490152994
348.73955891927085 53.55591939290365 78.7056900024414 75.55746358235677
356.0444274902344 53.92844467163086 79.33033548990885 76.15712432861328
358.38929850260416 55.391100819905596 79.75710754394531 76.56682484944662
358.35736490885415 60.702188873291014 80.06922607421875 76.86646016438802
357.4694885253906 66.8645741780599 80.402658589681 77.18655446370443
355.6611063639323 73.20772959391276 80.402658589681 77.18655446370443
352.0724650065104 85.72539469401042 80.29225056966146 77.08056284586588
346.052402750651 105.31168162027994 80.09025065104167 76.88664347330729
340.47389119466146 128.51500549316407 79.3491948445638 76.17522888183593
335.78668212890625 149.46517232259114 79.3491948445638 76.17522888183593
331.7364237467448 165.04000752766927 79.45531565348307 76.27710520426432
327.58238118489584 171.9874257405599 80.31327056884766 77.10074157714844
325.73639526367185 177.78258158365887 80.96731414794922 77.72862294514974
322.1707051595052 184.09990437825522 81.9446802775065 78.66689453125
318.0416544596354 185.18382771809897 82.16995697021484 78.88315989176432
310.39186401367186 179.07432657877604 82.05734049479166 78.7750478108724
293.99509684244794 172.15759684244793 81.51544748942057 78.2548314412435
262.338178507487 166.471635945638 81.18392384847006 77.93656819661459
229.23370869954428 161.29407755533853 80.85049184163411 77.61647338867188
204.62781575520833 157.50285746256512 80.41098073323568 77.19454396565756
186.63585103352864 157.06573181152345 80.2983642578125 77.08643239339193
168.60632934570313 156.88232014973957 80.07754821777344 76.87444915771485
150.44864196777343 157.66902567545574 79.97554829915364 76.77652943929037
131.66252746582032 158.95713704427084 79.44061584472657 76.26299336751302
115.22274017333984 159.89771525065103 79.34061584472656 76.1669937133789
108.96292063395182 159.7736053466797 79.23449503580729 76.06511789957682
109.70210825602213 159.2151621500651 79.23449503580729 76.06511789957682
111.81326446533203 158.05435892740886 79.23449503580729 76.06511789957682
115.81708170572917 153.0414276123047 79.12625223795573 75.9612040201823
119.96993001302083 145.61785074869792 79.12625223795573 75.9612040201823
125.46310831705729 134.45852762858073 78.91396942138672 75.75741221110026
129.12571512858074 121.04006551106771 78.81593068440755 75.66329447428386
134.35920003255208 105.98659261067708 78.81593068440755 75.66329447428386
139.49512736002603 92.9405517578125 78.81593068440755 75.66329447428386
144.51673075358073 82.8734146118164 78.81593068440755 75.66329447428386
147.6191884358724 77.40842183430989 78.91396942138672 75.75741221110026
149.2030232747396 76.49203287760416 78.91396942138672 75.75741221110026
150.43847147623697 76.30762583414713 78.91396942138672 75.75741221110026
155.10093790690104 77.76809844970703 78.91396942138672 75.75741221110026
165.11326497395834 82.46512502034506 78.91396942138672 75.75741221110026
179.81270548502604 86.62174224853516 78.91396942138672 75.75741221110026
194.74439798990886 89.1376958211263 78.91396942138672 75.75741221110026
206.8864501953125 88.79386698404947 78.91396942138672 75.75741221110026
219.50301208496094 88.67374572753906 78.91396942138672 75.75741221110026
232.56926371256512 90.8323745727539 78.91396942138672 75.75741221110026
238.6213165283203 91.8807591756185 78.91396942138672 75.75741221110026
238.44165649414063 91.66527455647787 79.0159693400065 75.85533192952474
237.90666707356772 92.35626068115235 79.11596934000652 75.95133158365886
