Iteration #0
170.0 44.0 75.0 72.0
165.0 43.0 75.0 72.0
205.0 88.0 75.0 72.0
221.0 86.0 75.0 72.0
232.0 89.0 75.0 72.0
238.0 89.0 75.0 72.0
238.0 88.0 75.0 72.0
237.0 89.0 75.0 72.0
237.0 90.0 75.0 72.0
Iteration #1
207.0 61.0 75.0 72.0
177.0 42.0 75.0 72.0
168.0 41.0 75.0 72.0
163.0 40.0 75.0 72.0
149.0 41.0 75.0 72.0
130.0 41.0 75.0 72.0
118.0 41.0 75.0 72.0
Iteration #2
202.0 59.0 75.0 72.0
175.0 41.0 75.0 72.0
169.0 39.0 75.0 72.0
156.0 40.0 75.0 72.0
145.0 40.0 75.0 72.0
131.0 39.0 75.0 72.0
118.0 40.0 75.0 72.0
