Iteration #0
212.27542114257812 81.74542236328125 45.0 42.0
210.52066040039062 81.73921966552734 45.0 42.0
209.06118774414062 80.24055480957031 45.0 42.0
207.37120056152344 78.63844299316406 45.89999771118164 42.84000015258789
206.25991821289062 78.24100494384766 45.89999771118164 42.84000015258789
206.17544555664062 78.33197021484375 45.0 42.0
206.94410705566406 75.26737976074219 45.0 42.0
220.08541870117188 74.38861846923828 45.0 42.0
248.1786651611328 74.13704681396484 44.117645263671875 41.17647171020508
276.6077880859375 74.07827758789062 45.899993896484375 42.83999252319336
310.8718566894531 74.95738220214844 44.999996185302734 41.999996185302734
339.1022033691406 74.63398742675781 46.817989349365234 43.69679260253906
366.3765563964844 81.04510498046875 45.89999008178711 42.839988708496094
401.74468994140625 85.61219787597656 45.89999008178711 42.839988708496094
410.06982421875 84.55752563476562 46.81798553466797 43.69678497314453
409.5368957519531 83.86029052734375 46.81798553466797 43.69678497314453
401.9214172363281 81.73118591308594 46.81798553466797 43.69678497314453
381.5513610839844 77.86625671386719 47.75434494018555 44.57072067260742
343.5548095703125 74.0289306640625 47.75434494018555 44.57072067260742
300.8361511230469 70.39509582519531 48.70943069458008 45.462135314941406
257.5377502441406 71.13031005859375 48.70943069458008 45.462135314941406
216.9891815185547 73.78153991699219 48.70943069458008 45.462135314941406
179.08189392089844 76.58731079101562 49.68362045288086 46.37137985229492
137.35711669921875 86.11071014404297 49.68362045288086 46.37137985229492
101.80040740966797 95.49784851074219 48.70943069458008 45.462135314941406
81.5857162475586 100.49087524414062 47.75434494018555 44.57072067260742
79.79055786132812 102.79229736328125 46.81798553466797 43.69678497314453
78.88908386230469 102.96556854248047 44.99998474121094 41.9999885559082
77.32553100585938 102.2554931640625 44.99998474121094 41.9999885559082
77.38817596435547 101.71054077148438 44.11763381958008 41.176456451416016
77.0855712890625 101.21177673339844 44.11763381958008 41.176456451416016
74.68539428710938 100.6091537475586 44.99998474121094 41.9999885559082
71.61770629882812 100.26085662841797 44.99998474121094 41.9999885559082
67.74885559082031 100.89776611328125 44.11763381958008 41.176456451416016
60.06010437011719 104.42996215820312 44.11763381958008 41.176456451416016
48.40692901611328 107.30431365966797 44.11763381958008 41.176456451416016
37.41355895996094 112.34748840332031 44.11763381958008 41.176456451416016
23.432546615600586 120.06889343261719 43.25258255004883 40.369075775146484
13.720426559448242 128.36203002929688 42.40449142456055 39.5775260925293
10.121713638305664 132.7490692138672 42.40449142456055 39.5775260925293
9.614788055419922 135.00537109375 41.573028564453125 38.80149459838867
9.755123138427734 134.3955535888672 42.40449142456055 39.5775260925293
9.164499282836914 136.32662963867188 42.40449142456055 39.5775260925293
5.878149032592773 146.6808624267578 41.573028564453125 38.80149459838867
2.4025230407714844 163.04920959472656 41.573028564453125 38.80149459838867
-2.155000686645508 183.04995727539062 41.573028564453125 38.80149459838867
-7.753274917602539 208.94041442871094 41.573028564453125 38.80149459838867
-14.346638679504395 230.90255737304688 41.573028564453125 38.80149459838867
-16.89697265625 255.61819458007812 42.40449142456055 39.5775260925293
0.0 0.0 0.0 0.0
0.0 0.0 0.0 0.0
0.0 0.0 0.0 0.0
0.0 0.0 0.0 0.0
0.0 0.0 0.0 0.0
0.0 0.0 0.0 0.0
0.0 0.0 0.0 0.0
0.0 0.0 0.0 0.0
0.0 0.0 0.0 0.0
0.0 0.0 0.0 0.0
0.0 0.0 0.0 0.0
0.0 0.0 0.0 0.0
0.0 0.0 0.0 0.0
0.0 0.0 0.0 0.0
0.0 0.0 0.0 0.0
0.0 0.0 0.0 0.0
0.0 0.0 0.0 0.0
0.0 0.0 0.0 0.0
0.0 0.0 0.0 0.0
0.0 0.0 0.0 0.0
0.0 0.0 0.0 0.0
0.0 0.0 0.0 0.0
0.0 0.0 0.0 0.0
0.0 0.0 0.0 0.0
0.0 0.0 0.0 0.0
0.0 0.0 0.0 0.0
0.0 0.0 0.0 0.0
0.0 0.0 0.0 0.0
0.0 0.0 0.0 0.0
0.0 0.0 0.0 0.0
0.0 0.0 0.0 0.0
0.0 0.0 0.0 0.0
0.0 0.0 0.0 0.0
0.0 0.0 0.0 0.0
0.0 0.0 0.0 0.0
0.0 0.0 0.0 0.0
0.0 0.0 0.0 0.0
0.0 0.0 0.0 0.0
0.0 0.0 0.0 0.0
0.0 0.0 0.0 0.0
0.0 0.0 0.0 0.0
0.0 0.0 0.0 0.0
0.0 0.0 0.0 0.0
0.0 0.0 0.0 0.0
0.0 0.0 0.0 0.0
0.0 0.0 0.0 0.0
0.0 0.0 0.0 0.0
0.0 0.0 0.0 0.0
0.0 0.0 0.0 0.0
0.0 0.0 0.0 0.0
0.0 0.0 0.0 0.0
-10.92125129699707 -19.78876304626465 42.40449142456055 39.5775260925293
0.0 0.0 0.0 0.0
0.0 0.0 0.0 0.0
-15.322122573852539 -9.030147552490234 43.25257873535156 40.36907196044922
0.0 0.0 0.0 0.0
0.0 0.0 0.0 0.0
0.0 0.0 0.0 0.0
-12.795848846435547 0.5032138824462891 43.25257873535156 40.36907196044922
0.0 0.0 0.0 0.0
0.0 0.0 0.0 0.0
0.0 0.0 0.0 0.0
-11.80102825164795 -5.635967254638672 43.25257873535156 40.36907196044922
0.0 0.0 0.0 0.0
0.0 0.0 0.0 0.0
0.0 0.0 0.0 0.0
0.0 0.0 0.0 0.0
0.0 0.0 0.0 0.0
0.0 0.0 0.0 0.0
0.0 0.0 0.0 0.0
0.0 0.0 0.0 0.0
0.0 0.0 0.0 0.0
0.0 0.0 0.0 0.0
0.0 0.0 0.0 0.0
0.0 0.0 0.0 0.0
0.0 0.0 0.0 0.0
0.0 0.0 0.0 0.0
0.0 0.0 0.0 0.0
0.0 0.0 0.0 0.0
0.0 0.0 0.0 0.0
0.0 0.0 0.0 0.0
0.0 0.0 0.0 0.0
0.0 0.0 0.0 0.0
0.0 0.0 0.0 0.0
0.0 0.0 0.0 0.0
0.0 0.0 0.0 0.0
0.0 0.0 0.0 0.0
-15.677217483520508 -10.265764236450195 44.11763000488281 41.17645263671875
0.0 0.0 0.0 0.0
0.0 0.0 0.0 0.0
0.0 0.0 0.0 0.0
-15.724539756774902 -9.152764320373535 44.11763000488281 41.17645263671875
-15.635168075561523 -10.18603229522705 44.11763000488281 41.17645263671875
0.0 0.0 0.0 0.0
0.0 0.0 0.0 0.0
-15.14398193359375 -8.65666389465332 44.11763000488281 41.17645263671875
-12.90694522857666 -8.542856216430664 44.11763000488281 41.17645263671875
0.0 0.0 0.0 0.0
0.0 0.0 0.0 0.0
0.0 0.0 0.0 0.0
0.0 0.0 0.0 0.0
-15.505159378051758 -10.828137397766113 44.11763000488281 41.17645263671875
0.0 0.0 0.0 0.0
0.0 0.0 0.0 0.0
0.0 0.0 0.0 0.0
0.0 0.0 0.0 0.0
-13.158500671386719 -10.778717994689941 43.2525749206543 40.36907196044922
-10.59299087524414 -4.940450668334961 43.2525749206543 40.36907196044922
0.0 0.0 0.0 0.0
0.0 0.0 0.0 0.0
-14.625909805297852 -11.271695137023926 42.404483795166016 39.577518463134766
0.0 0.0 0.0 0.0
-12.645319938659668 -10.96928596496582 42.404483795166016 39.577518463134766
0.0 0.0 0.0 0.0
-15.139936447143555 -11.250865936279297 42.404483795166016 39.577518463134766
-14.277738571166992 -12.368241310119629 42.404483795166016 39.577518463134766
-13.242743492126465 -11.228245735168457 42.404483795166016 39.577518463134766
-12.133696556091309 -8.259597778320312 42.404483795166016 39.577518463134766
-15.063815116882324 -11.185460090637207 42.404483795166016 39.577518463134766
-14.225172996520996 -11.528088569641113 42.404483795166016 39.577518463134766
-12.377592086791992 -12.591409683227539 42.404483795166016 39.577518463134766
-13.93735122680664 -11.261502265930176 42.404483795166016 39.577518463134766
-14.534468650817871 -11.264673233032227 41.57302474975586 38.801490783691406
-15.906518936157227 -15.670501708984375 41.57302474975586 38.801490783691406
-11.590066909790039 -10.052823066711426 41.57302474975586 38.801490783691406
-12.441262245178223 2.3057193756103516 40.75786590576172 38.04067611694336
-12.383362770080566 -10.408863067626953 40.75786590576172 38.04067611694336
-11.35277271270752 -9.829753875732422 39.95869064331055 37.294776916503906
-13.391016960144043 -9.717212677001953 39.95869064331055 37.294776916503906
-12.897192001342773 -10.0404634475708 39.95869064331055 37.294776916503906
-15.336499214172363 -10.13443374633789 40.75786209106445 38.040672302246094
-15.864741325378418 -10.398262023925781 40.75786209106445 38.040672302246094
-12.76842975616455 -10.931164741516113 40.75786209106445 38.040672302246094
-12.841849327087402 -13.210430145263672 40.75786209106445 38.040672302246094
Iteration #1
-14.678020477294922 -10.46062183380127 40.75786209106445 38.040672302246094
-12.999893188476562 -12.114526748657227 40.75786209106445 38.040672302246094
-14.260072708129883 -11.8638916015625 40.75786209106445 38.040672302246094
-13.775266647338867 -11.68135929107666 40.75786209106445 38.040672302246094
-15.195106506347656 -11.438112258911133 41.573020935058594 38.801483154296875
-14.591644287109375 -11.111878395080566 41.573020935058594 38.801483154296875
-14.173431396484375 -11.821842193603516 41.573020935058594 38.801483154296875
-13.918270111083984 -10.350358009338379 41.573020935058594 38.801483154296875
-14.298551559448242 -11.558708190917969 41.573020935058594 38.801483154296875
-14.724886894226074 -11.650822639465332 42.40447998046875 39.5775146484375
-15.087599754333496 -12.392854690551758 42.40447998046875 39.5775146484375
-16.514604568481445 -11.541520118713379 43.252567291259766 40.36906433105469
-14.491205215454102 -11.858166694641113 43.252567291259766 40.36906433105469
-14.643272399902344 -13.162273406982422 43.252567291259766 40.36906433105469
-14.055319786071777 -13.676078796386719 43.252567291259766 40.36906433105469
-16.204660415649414 -13.112569808959961 43.252567291259766 40.36906433105469
-16.748382568359375 -13.746114730834961 44.117618560791016 41.17644500732422
-16.53441619873047 -11.8313570022583 44.117618560791016 41.17644500732422
-16.89173126220703 -12.775338172912598 44.117618560791016 41.17644500732422
-16.52010154724121 -12.686432838439941 44.117618560791016 41.17644500732422
-15.899530410766602 -12.564586639404297 44.117618560791016 41.17644500732422
-16.50377082824707 -12.577698707580566 44.117618560791016 41.17644500732422
-15.714500427246094 -12.418083190917969 44.117618560791016 41.17644500732422
-16.64551544189453 -13.696467399597168 44.117618560791016 41.17644500732422
-16.849428176879883 -13.52961254119873 44.117618560791016 41.17644500732422
-16.97355079650879 -14.109243392944336 44.117618560791016 41.17644500732422
-15.959463119506836 -13.478105545043945 44.117618560791016 41.17644500732422
-16.250402450561523 -13.434490203857422 44.117618560791016 41.17644500732422
-15.786714553833008 -14.223230361938477 44.117618560791016 41.17644500732422
-15.858760833740234 -12.727151870727539 44.117618560791016 41.17644500732422
-16.37885284423828 -11.983622550964355 44.117618560791016 41.17644500732422
-15.837636947631836 -11.614823341369629 44.117618560791016 41.17644500732422
-16.52878189086914 -12.634378433227539 44.117618560791016 41.17644500732422
-15.288653373718262 -12.664350509643555 44.117618560791016 41.17644500732422
-15.711943626403809 -12.651354789733887 44.117618560791016 41.17644500732422
-16.415178298950195 -12.1346435546875 44.117618560791016 41.17644500732422
-16.04922866821289 -12.876974105834961 44.117618560791016 41.17644500732422
-16.246912002563477 -13.152719497680664 44.117618560791016 41.17644500732422
-16.397289276123047 -12.953409194946289 44.117618560791016 41.17644500732422
-16.987218856811523 -13.736309051513672 44.117618560791016 41.17644500732422
-16.91603660583496 -13.761850357055664 44.117618560791016 41.17644500732422
-17.618616104125977 -13.916593551635742 44.117618560791016 41.17644500732422
-16.352115631103516 -13.909493446350098 44.117618560791016 41.17644500732422
-16.958728790283203 -13.577839851379395 44.117618560791016 41.17644500732422
-16.494998931884766 -14.279496192932129 44.117618560791016 41.17644500732422
-16.35470199584961 -13.497064590454102 44.117618560791016 41.17644500732422
-16.243263244628906 -14.593938827514648 44.117618560791016 41.17644500732422
-16.086631774902344 -13.321508407592773 44.117618560791016 41.17644500732422
-16.10707664489746 -14.932037353515625 44.117618560791016 41.17644500732422
-15.723360061645508 -14.389344215393066 44.117618560791016 41.17644500732422
-17.081621170043945 -14.359880447387695 44.117618560791016 41.17644500732422
-16.886415481567383 -14.925959587097168 44.117618560791016 41.17644500732422
-16.827665328979492 -14.94349193572998 44.117618560791016 41.17644500732422
-16.967906951904297 -14.164558410644531 44.117618560791016 41.17644500732422
-16.949708938598633 -13.379663467407227 44.117618560791016 41.17644500732422
-16.917943954467773 -14.401975631713867 44.117618560791016 41.17644500732422
-17.146724700927734 -14.423670768737793 44.117618560791016 41.17644500732422
-16.503612518310547 -14.75279712677002 44.117618560791016 41.17644500732422
-17.18170928955078 -14.190827369689941 44.117618560791016 41.17644500732422
-16.748756408691406 -14.567975997924805 44.117618560791016 41.17644500732422
-17.387014389038086 -14.645727157592773 44.117618560791016 41.17644500732422
-17.809099197387695 -14.688455581665039 44.117618560791016 41.17644500732422
-18.480125427246094 -13.706789016723633 44.117618560791016 41.17644500732422
-17.061931610107422 -14.26723861694336 44.117618560791016 41.17644500732422
-17.01644515991211 -15.14030647277832 44.117618560791016 41.17644500732422
-17.550628662109375 -14.066115379333496 44.117618560791016 41.17644500732422
-17.884273529052734 -14.770742416381836 44.117618560791016 41.17644500732422
-17.341642379760742 -14.965385437011719 44.117618560791016 41.17644500732422
-16.859439849853516 -14.888437271118164 44.117618560791016 41.17644500732422
-17.445703506469727 -15.074946403503418 44.117618560791016 41.17644500732422
-16.780773162841797 -14.738057136535645 44.117618560791016 41.17644500732422
-17.35240364074707 -14.605270385742188 44.117618560791016 41.17644500732422
-16.942947387695312 -14.870404243469238 44.117618560791016 41.17644500732422
-16.091800689697266 -14.91379165649414 44.117618560791016 41.17644500732422
-16.86636734008789 -14.747879028320312 44.117618560791016 41.17644500732422
-17.985149383544922 -14.958452224731445 44.117618560791016 41.17644500732422
-17.337390899658203 -15.263444900512695 44.117618560791016 41.17644500732422
-16.909912109375 -14.614532470703125 44.117618560791016 41.17644500732422
-17.99925994873047 -14.483041763305664 44.117618560791016 41.17644500732422
-17.800655364990234 -15.25349235534668 44.117618560791016 41.17644500732422
-18.15118408203125 -15.599296569824219 44.117618560791016 41.17644500732422
-17.58323097229004 -15.086254119873047 44.999969482421875 41.999969482421875
-17.49645233154297 -14.970988273620605 44.999969482421875 41.999969482421875
-18.765514373779297 -16.578975677490234 44.999969482421875 41.999969482421875
-18.39818000793457 -15.525195121765137 44.999969482421875 41.999969482421875
-18.485729217529297 -16.0310115814209 44.999969482421875 41.999969482421875
-18.980403900146484 -15.694957733154297 44.999969482421875 41.999969482421875
-17.001766204833984 -16.05529022216797 44.999969482421875 41.999969482421875
-17.889650344848633 -15.566232681274414 44.999969482421875 41.999969482421875
-17.0196590423584 -15.878552436828613 44.999969482421875 41.999969482421875
-17.92025375366211 -16.02260971069336 44.999969482421875 41.999969482421875
-17.8175048828125 -14.82452392578125 44.999969482421875 41.999969482421875
-17.12298011779785 -16.046085357666016 44.999969482421875 41.999969482421875
-17.992515563964844 -15.57392692565918 44.999969482421875 41.999969482421875
-18.261577606201172 -15.938718795776367 44.999969482421875 41.999969482421875
-18.58755874633789 -16.459699630737305 44.999969482421875 41.999969482421875
-18.270170211791992 -16.411041259765625 44.999969482421875 41.999969482421875
-18.94916343688965 -15.97396469116211 44.999969482421875 41.999969482421875
-18.053237915039062 -16.36463165283203 44.999969482421875 41.999969482421875
-18.54734230041504 -16.21271514892578 44.999969482421875 41.999969482421875
-18.28893280029297 -15.613956451416016 44.999969482421875 41.999969482421875
-18.79478645324707 -16.29900360107422 44.999969482421875 41.999969482421875
-19.09467887878418 -15.330955505371094 44.999969482421875 41.999969482421875
-19.261213302612305 -15.750551223754883 44.999969482421875 41.999969482421875
-18.997459411621094 -16.13201141357422 44.999969482421875 41.999969482421875
-18.99622917175293 -15.672163009643555 44.999969482421875 41.999969482421875
-18.68389320373535 -15.944124221801758 44.999969482421875 41.999969482421875
-17.893638610839844 -16.147174835205078 44.999969482421875 41.999969482421875
-17.615999221801758 -15.583044052124023 44.999969482421875 41.999969482421875
-18.50733184814453 -16.49608612060547 44.999969482421875 41.999969482421875
-18.020145416259766 -15.989038467407227 44.999969482421875 41.999969482421875
-18.168502807617188 -16.384763717651367 44.11761474609375 41.17644119262695
-17.28548812866211 -15.712751388549805 44.11761474609375 41.17644119262695
-17.91655731201172 -13.935762405395508 43.2525634765625 40.36906051635742
-18.24026870727539 -14.816123962402344 43.2525634765625 40.36906051635742
-17.880945205688477 -15.064102172851562 43.2525634765625 40.36906051635742
-17.12892723083496 -15.274005889892578 43.2525634765625 40.36906051635742
-17.8282413482666 -15.453409194946289 43.2525634765625 40.36906051635742
-18.403425216674805 -15.428585052490234 44.11761474609375 41.17644119262695
-18.23099708557129 -15.880460739135742 44.11761474609375 41.17644119262695
-18.088306427001953 -14.971553802490234 44.11761474609375 41.17644119262695
-17.941951751708984 -15.556663513183594 44.11761474609375 41.17644119262695
-19.121726989746094 -16.94304656982422 44.11761474609375 41.17644119262695
-18.28435516357422 -15.55099105834961 44.11761474609375 41.17644119262695
-17.5755558013916 -16.36590576171875 44.11761474609375 41.17644119262695
-16.315162658691406 -16.562206268310547 44.11761474609375 41.17644119262695
-17.801803588867188 -16.518627166748047 44.11761474609375 41.17644119262695
-17.872594833374023 -15.978421211242676 44.11761474609375 41.17644119262695
-19.30545997619629 -14.81655502319336 44.11761474609375 41.17644119262695
-18.122997283935547 -15.28925609588623 44.11761474609375 41.17644119262695
-17.793312072753906 -15.984159469604492 44.11761474609375 41.17644119262695
-18.997276306152344 -16.387317657470703 44.11761474609375 41.17644119262695
-18.720867156982422 -16.273691177368164 44.11761474609375 41.17644119262695
-18.291168212890625 -16.11629867553711 44.11761474609375 41.17644119262695
-18.36260414123535 -16.481250762939453 44.11761474609375 41.17644119262695
-18.561307907104492 -15.766968727111816 44.11761474609375 41.17644119262695
-18.6982421875 -15.880918502807617 44.11761474609375 41.17644119262695
-18.105878829956055 -16.84315299987793 44.11761474609375 41.17644119262695
-18.151180267333984 -16.149200439453125 44.11761474609375 41.17644119262695
-18.32792854309082 -16.75994110107422 44.11761474609375 41.17644119262695
-18.38509750366211 -14.92149543762207 44.11761474609375 41.17644119262695
-19.781129837036133 -16.10398292541504 44.11761474609375 41.17644119262695
-19.51618003845215 -16.651046752929688 44.11761474609375 41.17644119262695
-18.821813583374023 -16.065929412841797 44.11761474609375 41.17644119262695
-18.621112823486328 -16.515005111694336 44.99996566772461 41.99996566772461
-19.605571746826172 -16.559341430664062 44.99996566772461 41.99996566772461
-19.582820892333984 -16.964658737182617 44.99996566772461 41.99996566772461
-19.832950592041016 -18.07923126220703 44.99996566772461 41.99996566772461
-19.719341278076172 -16.949443817138672 44.99996566772461 41.99996566772461
-19.846256256103516 -17.333667755126953 44.99996566772461 41.99996566772461
-19.506175994873047 -15.355374336242676 44.99996566772461 41.99996566772461
-18.378982543945312 -16.376602172851562 44.99996566772461 41.99996566772461
-19.46457290649414 -15.967721939086914 44.99996566772461 41.99996566772461
-19.930606842041016 -16.155681610107422 44.99996566772461 41.99996566772461
-19.79421043395996 -16.495983123779297 44.99996566772461 41.99996566772461
-19.352176666259766 -16.853788375854492 44.99996566772461 41.99996566772461
-19.923919677734375 -16.699495315551758 44.99996566772461 41.99996566772461
-19.43071746826172 -16.13555145263672 44.99996566772461 41.99996566772461
-20.150175094604492 -16.607927322387695 44.99996566772461 41.99996566772461
-20.42192840576172 -17.198745727539062 44.99996566772461 41.99996566772461
-20.05923080444336 -17.02179718017578 44.99996566772461 41.99996566772461
-20.443824768066406 -16.61532211303711 44.99996566772461 41.99996566772461
-20.08680534362793 -17.617321014404297 44.99996566772461 41.99996566772461
-19.577686309814453 -16.699604034423828 44.99996566772461 41.99996566772461
-19.298572540283203 -17.502567291259766 44.99996566772461 41.99996566772461
-20.391996383666992 -17.538631439208984 44.99996566772461 41.99996566772461
-20.732051849365234 -17.687725067138672 44.99996566772461 41.99996566772461
-20.484607696533203 -16.95738983154297 44.99996566772461 41.99996566772461
-20.082754135131836 -17.620594024658203 44.117610931396484 41.17643737792969
-19.01212501525879 -16.054405212402344 44.117610931396484 41.17643737792969
-19.241750717163086 -15.671243667602539 44.117610931396484 41.17643737792969
-19.659791946411133 -15.250345230102539 44.117610931396484 41.17643737792969
-20.00953483581543 -18.610193252563477 44.117610931396484 41.17643737792969
-19.771581649780273 -16.822097778320312 44.117610931396484 41.17643737792969
-19.245990753173828 -16.4013671875 44.117610931396484 41.17643737792969
-18.085033416748047 -18.51117706298828 44.117610931396484 41.17643737792969
-18.48976707458496 -17.26485252380371 44.117610931396484 41.17643737792969
-19.095901489257812 -15.852560043334961 44.117610931396484 41.17643737792969
-19.100431442260742 -16.274948120117188 44.117610931396484 41.17643737792969
-18.738494873046875 -17.436599731445312 44.117610931396484 41.17643737792969
-19.748611450195312 -17.23726463317871 44.117610931396484 41.17643737792969
-20.634218215942383 -17.263084411621094 44.117610931396484 41.17643737792969
-19.08228302001953 -16.986759185791016 44.117610931396484 41.17643737792969
-18.96611976623535 -17.58469009399414 44.117610931396484 41.17643737792969
Iteration #2
-19.738971710205078 -17.33637809753418 44.117610931396484 41.17643737792969
-18.81478500366211 -17.688711166381836 44.117610931396484 41.17643737792969
-18.80152130126953 -17.589990615844727 44.117610931396484 41.17643737792969
-19.01861572265625 -16.832901000976562 44.117610931396484 41.17643737792969
-19.75836181640625 -16.537532806396484 44.117610931396484 41.17643737792969
-19.761455535888672 -15.467708587646484 44.117610931396484 41.17643737792969
-19.019207000732422 -16.63576316833496 44.117610931396484 41.17643737792969
-20.04704475402832 -16.588796615600586 44.117610931396484 41.17643737792969
-19.765073776245117 -16.89161491394043 44.117610931396484 41.17643737792969
-19.757099151611328 -17.46550178527832 44.117610931396484 41.17643737792969
-20.277095794677734 -17.772663116455078 44.117610931396484 41.17643737792969
-20.032991409301758 -17.569499969482422 44.117610931396484 41.17643737792969
-19.419113159179688 -17.6458683013916 44.117610931396484 41.17643737792969
-19.387495040893555 -17.453760147094727 44.117610931396484 41.17643737792969
-19.772443771362305 -18.359739303588867 44.117610931396484 41.17643737792969
-20.429061889648438 -18.644508361816406 44.117610931396484 41.17643737792969
-20.72547149658203 -17.362834930419922 44.117610931396484 41.17643737792969
-20.789127349853516 -17.217967987060547 44.117610931396484 41.17643737792969
-20.791751861572266 -18.106191635131836 44.117610931396484 41.17643737792969
-20.37212371826172 -18.217422485351562 44.117610931396484 41.17643737792969
-20.10991096496582 -18.481781005859375 44.117610931396484 41.17643737792969
-19.7130126953125 -18.21291160583496 44.117610931396484 41.17643737792969
-19.87870216369629 -17.227508544921875 44.117610931396484 41.17643737792969
-20.35155487060547 -17.842575073242188 44.117610931396484 41.17643737792969
-20.00274658203125 -18.156360626220703 44.117610931396484 41.17643737792969
-20.5332088470459 -17.71509552001953 44.117610931396484 41.17643737792969
-19.636018753051758 -18.0473690032959 44.117610931396484 41.17643737792969
-19.949535369873047 -18.175405502319336 44.117610931396484 41.17643737792969
-20.416160583496094 -19.289852142333984 44.999961853027344 41.99996566772461
-21.154048919677734 -18.088029861450195 44.999961853027344 41.99996566772461
-21.02501678466797 -17.411449432373047 44.999961853027344 41.99996566772461
-20.250329971313477 -17.372453689575195 44.117610931396484 41.17643737792969
-19.862272262573242 -18.137920379638672 44.117610931396484 41.17643737792969
-20.470237731933594 -17.822280883789062 44.117610931396484 41.17643737792969
-19.675235748291016 -16.99416160583496 43.252559661865234 40.369056701660156
-19.453079223632812 -16.646724700927734 43.252559661865234 40.369056701660156
-19.843976974487305 -16.915782928466797 43.252559661865234 40.369056701660156
-19.099637985229492 -17.155563354492188 43.252559661865234 40.369056701660156
-20.301366806030273 -17.09393310546875 43.252559661865234 40.369056701660156
-20.678133010864258 -18.224300384521484 43.252559661865234 40.369056701660156
-19.989810943603516 -17.57599639892578 43.252559661865234 40.369056701660156
-20.497764587402344 -18.057723999023438 43.252559661865234 40.369056701660156
-19.7484073638916 -18.371835708618164 43.252559661865234 40.369056701660156
-20.29007911682129 -17.187288284301758 43.252559661865234 40.369056701660156
-20.1048526763916 -17.569320678710938 43.252559661865234 40.369056701660156
-19.830121994018555 -17.187002182006836 43.252559661865234 40.369056701660156
-19.538448333740234 -17.935461044311523 43.252559661865234 40.369056701660156
-20.143754959106445 -17.45368003845215 43.252559661865234 40.369056701660156
-20.243873596191406 -18.213611602783203 43.252559661865234 40.369056701660156
-20.18844223022461 -17.464237213134766 43.252559661865234 40.369056701660156
-20.992599487304688 -17.88111114501953 43.252559661865234 40.369056701660156
-20.139556884765625 -18.482698440551758 42.40446853637695 39.5775032043457
-20.76194953918457 -18.7268123626709 42.40446853637695 39.5775032043457
-20.16742706298828 -18.487632751464844 42.40446853637695 39.5775032043457
-20.565013885498047 -17.679738998413086 42.40446853637695 39.5775032043457
-19.97980308532715 -18.959501266479492 42.40446853637695 39.5775032043457
-20.349567413330078 -18.232791900634766 42.40446853637695 39.5775032043457
-19.564002990722656 -18.315380096435547 42.40446853637695 39.5775032043457
-20.25135612487793 -18.59440803527832 42.40446853637695 39.5775032043457
-20.146648406982422 -18.94170379638672 42.40446853637695 39.5775032043457
-20.915809631347656 -17.607986450195312 42.40446853637695 39.5775032043457
-21.626277923583984 -18.89025115966797 43.25255584716797 40.36905288696289
-21.626277923583984 -17.846107482910156 43.25255584716797 40.36905288696289
-21.1043701171875 -18.879837036132812 43.25255584716797 40.36905288696289
-20.563879013061523 -19.454242706298828 43.25255584716797 40.36905288696289
-20.627159118652344 -16.98366928100586 43.25255584716797 40.36905288696289
-21.13971710205078 -19.252450942993164 43.25255584716797 40.36905288696289
-20.446826934814453 -19.088207244873047 43.25255584716797 40.36905288696289
-20.574079513549805 -19.25924301147461 43.25255584716797 40.36905288696289
-21.626277923583984 -18.644479751586914 43.25255584716797 40.36905288696289
-20.707841873168945 -18.387617111206055 43.25255584716797 40.36905288696289
-19.862001419067383 -18.468111038208008 43.25255584716797 40.36905288696289
-20.125598907470703 -18.307720184326172 43.25255584716797 40.36905288696289
-19.359140396118164 -18.280160903930664 43.25255584716797 40.36905288696289
-20.9133243560791 -18.078182220458984 43.25255584716797 40.36905288696289
-20.34830665588379 -19.280916213989258 43.25255584716797 40.36905288696289
-19.867351531982422 -18.828786849975586 43.25255584716797 40.36905288696289
-20.448854446411133 -18.67292022705078 44.11760711669922 41.17643356323242
-20.736305236816406 -17.742229461669922 43.25255584716797 40.36905288696289
-20.145702362060547 -18.651885986328125 43.25255584716797 40.36905288696289
-20.866798400878906 -18.805498123168945 43.25255584716797 40.36905288696289
-20.517404556274414 -18.69611167907715 43.25255584716797 40.36905288696289
-20.70197296142578 -18.052425384521484 43.25255584716797 40.36905288696289
-20.632646560668945 -19.287826538085938 43.25255584716797 40.36905288696289
-20.4924259185791 -18.349830627441406 43.25255584716797 40.36905288696289
-20.130041122436523 -18.396814346313477 43.25255584716797 40.36905288696289
-20.725812911987305 -18.79926872253418 43.25255584716797 40.36905288696289
-19.64594078063965 -19.48610496520996 43.25255584716797 40.36905288696289
-20.328092575073242 -19.534381866455078 44.11760711669922 41.17643356323242
-20.042877197265625 -19.57041358947754 44.11760711669922 41.17643356323242
-21.212055206298828 -19.63065528869629 44.11760711669922 41.17643356323242
-20.58094024658203 -17.95265769958496 44.11760711669922 41.17643356323242
-20.260522842407227 -18.479921340942383 44.11760711669922 41.17643356323242
-20.438854217529297 -19.491291046142578 44.11760711669922 41.17643356323242
-20.596569061279297 -19.58732795715332 44.11760711669922 41.17643356323242
-21.432537078857422 -19.10850715637207 44.11760711669922 41.17643356323242
-21.123363494873047 -19.121171951293945 43.25255584716797 40.36905288696289
-20.352502822875977 -18.996850967407227 42.40446472167969 39.5775032043457
-20.142253875732422 -18.96729850769043 42.40446472167969 39.5775032043457
-21.202232360839844 -18.793954849243164 42.40446472167969 39.5775032043457
-21.202232360839844 -18.24383544921875 42.40446472167969 39.5775032043457
-21.202232360839844 -18.95612335205078 42.40446472167969 39.5775032043457
-21.202232360839844 -18.253631591796875 42.40446472167969 39.5775032043457
-21.202232360839844 -18.767261505126953 42.40446472167969 39.5775032043457
-21.202232360839844 -19.361370086669922 42.40446472167969 39.5775032043457
-21.202232360839844 -19.014564514160156 42.40446472167969 39.5775032043457
-21.202232360839844 -18.627351760864258 42.40446472167969 39.5775032043457
-20.807199478149414 -18.857595443725586 42.40446472167969 39.5775032043457
-20.309162139892578 -18.39688491821289 42.40446472167969 39.5775032043457
-20.33881187438965 -19.539213180541992 42.40446472167969 39.5775032043457
-20.66118812561035 -19.045560836791992 42.40446472167969 39.5775032043457
-20.679325103759766 -18.47498321533203 41.57300567626953 38.80147171020508
-20.45557403564453 -17.652069091796875 41.57300567626953 38.80147171020508
-20.4760684967041 -16.874727249145508 41.57300567626953 38.80147171020508
-20.786502838134766 -18.006855010986328 41.57300567626953 38.80147171020508
-20.786502838134766 -18.757667541503906 41.57300567626953 38.80147171020508
-21.202232360839844 -18.471813201904297 42.40446472167969 39.5775032043457
-21.202232360839844 -19.776016235351562 42.40446472167969 39.5775032043457
-21.202232360839844 -18.95096778869629 42.40446472167969 39.5775032043457
-21.202232360839844 -18.806907653808594 42.40446472167969 39.5775032043457
-21.202232360839844 -18.09381103515625 42.40446472167969 39.5775032043457
-21.095346450805664 -18.731443405151367 42.40446472167969 39.5775032043457
-20.786502838134766 -19.40073585510254 41.57300567626953 38.80147171020508
-20.786502838134766 -19.12030601501465 41.57300567626953 38.80147171020508
-21.128917694091797 -19.16065788269043 42.40446472167969 39.5775032043457
-19.36585235595703 -18.908803939819336 41.57300567626953 38.80147171020508
-20.27081298828125 -18.55875015258789 41.57300567626953 38.80147171020508
-19.985321044921875 -18.14215660095215 41.57300567626953 38.80147171020508
-20.50697135925293 -17.675771713256836 41.57300567626953 38.80147171020508
-19.644201278686523 -18.080833435058594 41.57300567626953 38.80147171020508
-20.153059005737305 -18.268924713134766 41.57300567626953 38.80147171020508
-20.240596771240234 -19.237228393554688 41.57300567626953 38.80147171020508
-20.25238609313965 -19.09596824645996 41.57300567626953 38.80147171020508
-19.690811157226562 -18.711668014526367 41.57300567626953 38.80147171020508
-20.786502838134766 -18.721004486083984 41.57300567626953 38.80147171020508
-21.202232360839844 -18.539440155029297 42.40446472167969 39.5775032043457
-21.202232360839844 -19.356595993041992 42.40446472167969 39.5775032043457
-21.001310348510742 -19.78875160217285 42.40446472167969 39.5775032043457
-21.626277923583984 -19.90776824951172 43.25255584716797 40.369049072265625
-21.626018524169922 -20.184524536132812 43.25255584716797 40.369049072265625
-21.626277923583984 -18.870750427246094 43.25255584716797 40.369049072265625
-21.626277923583984 -20.01799774169922 43.25255584716797 40.369049072265625
-21.626277923583984 -19.98572540283203 43.25255584716797 40.369049072265625
-21.202232360839844 -19.283931732177734 42.40446472167969 39.57749938964844
-20.617816925048828 -19.11246681213379 41.573001861572266 38.80146789550781
-20.786500930786133 -18.82193946838379 41.573001861572266 38.80146789550781
-20.786500930786133 -18.745574951171875 41.573001861572266 38.80146789550781
-20.786500930786133 -19.400733947753906 41.573001861572266 38.80146789550781
-21.20223045349121 -19.788747787475586 42.40446090698242 39.57749557495117
-21.20223045349121 -19.769533157348633 42.40446090698242 39.57749557495117
-20.564247131347656 -12.381402969360352 42.40446090698242 39.57749557495117
-20.18624496459961 -19.188888549804688 42.40446090698242 39.57749557495117
-21.20223045349121 -18.474384307861328 42.40446090698242 39.57749557495117
-20.786500930786133 -17.7073917388916 41.573001861572266 38.80146789550781
-20.786500930786133 -18.75447654724121 41.573001861572266 38.80146789550781
-20.63092803955078 -18.240392684936523 41.573001861572266 38.80146789550781
-20.786500930786133 -17.976123809814453 41.573001861572266 38.80146789550781
-20.63223648071289 -18.125274658203125 42.404457092285156 39.57749557495117
-21.202228546142578 -19.661222457885742 42.404457092285156 39.57749557495117
-21.202228546142578 -19.63562774658203 42.404457092285156 39.57749557495117
-21.16059112548828 -19.788747787475586 42.404457092285156 39.57749557495117
-21.202228546142578 -19.788747787475586 42.404457092285156 39.57749557495117
-20.978469848632812 -19.788747787475586 42.404457092285156 39.57749557495117
-20.788536071777344 -18.671581268310547 42.404457092285156 39.57749557495117
-20.53955078125 -19.402212142944336 42.404457092285156 39.57749557495117
-21.106151580810547 -19.788747787475586 42.404457092285156 39.57749557495117
-21.202228546142578 -19.788747787475586 42.404457092285156 39.57749557495117
-21.202228546142578 -19.788747787475586 42.404457092285156 39.57749557495117
-21.202228546142578 -19.788747787475586 42.404457092285156 39.57749557495117
-20.968494415283203 -19.788747787475586 42.404457092285156 39.57749557495117
-21.202228546142578 -18.966514587402344 42.404457092285156 39.57749557495117
-21.202228546142578 -18.12826919555664 42.404457092285156 39.57749557495117
-21.202228546142578 -19.788747787475586 42.404457092285156 39.57749557495117
-21.202228546142578 -19.546247482299805 42.404457092285156 39.57749557495117
-21.13311195373535 -19.540584564208984 42.404457092285156 39.57749557495117
-20.56693458557129 -19.788747787475586 42.404457092285156 39.57749557495117
-20.5025634765625 -19.63138198852539 42.404457092285156 39.57749557495117
-20.6199893951416 -18.882925033569336 42.404457092285156 39.57749557495117
-21.202228546142578 -18.71749496459961 42.404457092285156 39.57749557495117
-21.202228546142578 -19.788747787475586 42.404457092285156 39.57749557495117
-21.202228546142578 -19.583515167236328 42.404457092285156 39.57749557495117
-21.202228546142578 -19.788747787475586 42.404457092285156 39.57749557495117
-20.067190170288086 -19.788747787475586 42.404457092285156 39.57749557495117
-21.041778564453125 -19.754459381103516 42.404457092285156 39.57749557495117
Iteration #3
-21.202228546142578 -19.668916702270508 42.404457092285156 39.57749557495117
-20.479005813598633 -19.788747787475586 42.404457092285156 39.57749557495117
-19.760204315185547 -19.788747787475586 42.404457092285156 39.57749557495117
-20.309608459472656 -19.765897750854492 42.404457092285156 39.57749557495117
-20.666627883911133 -19.355052947998047 42.404457092285156 39.57749557495117
-21.202228546142578 -18.708547592163086 42.404457092285156 39.57749557495117
-20.547826766967773 -19.232147216796875 42.404457092285156 39.57749557495117
-21.202228546142578 -17.782222747802734 42.404457092285156 39.57749557495117
-21.202228546142578 -19.788747787475586 42.404457092285156 39.57749557495117
-21.055999755859375 -19.706741333007812 42.404457092285156 39.57749557495117
-21.202228546142578 -19.788747787475586 42.404457092285156 39.57749557495117
-21.202228546142578 -19.782121658325195 42.404457092285156 39.57749557495117
-20.776058197021484 -19.788747787475586 42.404457092285156 39.57749557495117
-20.34173011779785 -19.788747787475586 42.404457092285156 39.57749557495117
-20.428342819213867 -19.788747787475586 42.404457092285156 39.57749557495117
-21.202228546142578 -19.788747787475586 42.404457092285156 39.57749557495117
-21.202228546142578 -19.788747787475586 42.404457092285156 39.57749557495117
-21.202228546142578 -18.639972686767578 42.404457092285156 39.57749557495117
-21.202228546142578 -19.21261215209961 42.404457092285156 39.57749557495117
-21.202228546142578 -19.44285011291504 42.404457092285156 39.57749557495117
-21.202228546142578 -19.788747787475586 42.404457092285156 39.57749557495117
-20.7864990234375 -19.276031494140625 41.572998046875 38.80146408081055
-13.962152481079102 -18.7613582611084 41.572998046875 38.80146408081055
-20.119823455810547 -19.026710510253906 41.572998046875 38.80146408081055
-19.799880981445312 -19.788745880126953 42.404457092285156 39.577491760253906
-21.202228546142578 -19.788745880126953 42.404457092285156 39.577491760253906
-19.764602661132812 -19.40073013305664 41.572994232177734 38.80146026611328
-20.786497116088867 -19.40073013305664 41.572994232177734 38.80146026611328
-20.202892303466797 -19.40073013305664 41.572994232177734 38.80146026611328
-20.284975051879883 -19.71830940246582 42.40445327758789 39.57748794555664
-19.792251586914062 -18.916654586791992 42.40445327758789 39.57748794555664
-20.525955200195312 -18.57720184326172 42.40445327758789 39.57748794555664
-20.737638473510742 -19.72654914855957 42.40445327758789 39.57748794555664
-19.803958892822266 -19.33376693725586 41.572994232177734 38.80146026611328
-19.472759246826172 -17.75360679626465 41.572994232177734 38.80146026611328
-20.786497116088867 -17.442058563232422 41.572994232177734 38.80146026611328
-20.70657730102539 -17.2996883392334 41.572994232177734 38.80146026611328
-19.996898651123047 -18.61735725402832 41.572994232177734 38.80146026611328
-20.462018966674805 -17.790918350219727 41.572994232177734 38.80146026611328
-21.202224731445312 -19.78874397277832 42.404449462890625 39.57748794555664
-20.73782730102539 -19.78874397277832 42.404449462890625 39.57748794555664
-21.202224731445312 -19.78874397277832 42.404449462890625 39.57748794555664
-21.202224731445312 -19.78874397277832 42.404449462890625 39.57748794555664
-21.202224731445312 -19.456993103027344 42.404449462890625 39.57748794555664
-21.114643096923828 -19.78874397277832 42.404449462890625 39.57748794555664
-21.004554748535156 -19.78874397277832 42.404449462890625 39.57748794555664
-21.202224731445312 -19.78874397277832 42.404449462890625 39.57748794555664
-21.111108779907227 -18.960933685302734 42.404449462890625 39.57748794555664
-21.202224731445312 -19.78874397277832 42.404449462890625 39.57748794555664
-20.75471305847168 -19.78874397277832 42.404449462890625 39.57748794555664
-21.202224731445312 -19.78874397277832 42.404449462890625 39.57748794555664
-21.202224731445312 -19.78874397277832 42.404449462890625 39.57748794555664
-21.202224731445312 -19.57172393798828 42.404449462890625 39.57748794555664
-21.202224731445312 -19.416488647460938 42.404449462890625 39.57748794555664
-21.202224731445312 -18.6723690032959 42.404449462890625 39.57748794555664
-21.202224731445312 -19.78874397277832 42.404449462890625 39.57748794555664
-21.202224731445312 -19.78874397277832 42.404449462890625 39.57748794555664
-21.202224731445312 -19.78874397277832 42.404449462890625 39.57748794555664
-21.202224731445312 -19.78874397277832 42.404449462890625 39.57748794555664
-21.202224731445312 -19.78874397277832 42.404449462890625 39.57748794555664
Iteration #4
-21.202224731445312 -19.78874397277832 42.404449462890625 39.57748794555664
-20.70304298400879 -19.78874397277832 42.404449462890625 39.57748794555664
-20.171939849853516 -19.78874397277832 42.404449462890625 39.57748794555664
-20.84857940673828 -19.749059677124023 42.404449462890625 39.57748794555664
-21.20065689086914 -19.41562843322754 42.404449462890625 39.57748794555664
-21.202224731445312 -18.979520797729492 42.404449462890625 39.57748794555664
-21.568504333496094 -19.180580139160156 43.25253677368164 40.36903381347656
-21.62626838684082 -19.225616455078125 43.25253677368164 40.36903381347656
-21.62626838684082 -19.17767333984375 43.25253677368164 40.36903381347656
-21.62626838684082 -20.18451690673828 43.25253677368164 40.36903381347656
-21.62626838684082 -20.18451690673828 43.25253677368164 40.36903381347656
-21.62626838684082 -19.931718826293945 43.25253677368164 40.36903381347656
